"---------------------"
[1] "cap.shape"
[1] "parent Entropy"
[1] 0.2141368
[1] "x"
[1] 0.02050478
[1] "s"
[1] 0
[1] "f"
[1] 0.08687273
[1] "b"
[1] 0.04461617
[1] "k"
[1] 0.01948279
[1] "c"
[1] 0
[1] 0.04266029
[1] 0.2141368
[1] 0.04266029
[1] "---------------------"
[1] "---------------------"
[1] "cap.surface"
[1] "parent Entropy"
[1] 0.2141368
[1] "s"
[1] 0.06140304
[1] "f"
[1] 0.03633807
[1] "y"
[1] 0.1003166
[1] "g"
[1] 0
[1] 0.0160791
[1] 0.2141368
[1] 0.0160791
[1] "---------------------"
[1] "---------------------"
[1] "cap.color"
[1] "parent Entropy"
[1] 0.2141368
[1] "g"
[1] 0
[1] "n"
[1] 0.03465921
[1] "w"
[1] 0.04714061
[1] "e"
[1] 0
[1] "b"
[1] 0.01874073
[1] "u"
[1] 0
[1] "c"
[1] 0
[1] "p"
[1] 0.01998392
[1] "r"
[1] 0
[1] "y"
[1] 0
[1] 0.09361228
[1] 0.2141368
[1] 0.09361228
[1] "---------------------"
[1] "---------------------"
[1] "bruises"
[1] "parent Entropy"
[1] 0.2141368
[1] "f"
[1] 0.07537641
[1] "t"
[1] 0.1378837
[1] 0.000876625
[1] 0.2141368
[1] 0.000876625
[1] "---------------------"
[1] "---------------------"
[1] "gill.attachment"
[1] "parent Entropy"
[1] 0.2141368
[1] "f"
[1] 0.2113416
[1] "a"
[1] 0
[1] 0.002795144
[1] 0.2141368
[1] 0.002795144
[1] "---------------------"
[1] "---------------------"
[1] "gill.spacing"
[1] "parent Entropy"
[1] 0.2141368
[1] "w"
[1] 0.03429308
[1] "c"
[1] 0.1752277
[1] 0.004616001
[1] 0.2141368
[1] 0.004616001
[1] "---------------------"
[1] "---------------------"
[1] "gill.size"
[1] "parent Entropy"
[1] 0.2141368
[1] "b"
[1] 0.1416296
[1] "n"
[1] 0.04911075
[1] 0.02339637
[1] 0.2141368
[1] 0.02339637
[1] "---------------------"
[1] "---------------------"
[1] "gill.color"
[1] "parent Entropy"
[1] 0.2141368
[1] "k"
[1] 0
[1] "n"
[1] 0
[1] "g"
[1] 0.02653153
[1] "p"
[1] 0
[1] "h"
[1] 0
[1] "u"
[1] 0
[1] "w"
[1] 0.09513753
[1] "e"
[1] 0
[1] "r"
[1] 0
[1] "y"
[1] 0.006220939
[1] "o"
[1] 0
[1] 0.08624676
[1] 0.2141368
[1] 0.08624676
[1] "---------------------"
[1] "---------------------"
[1] "stalk.shape"
[1] "parent Entropy"
[1] 0.2141368
[1] "t"
[1] 0
[1] "e"
[1] 0.1516905
[1] 0.06244629
[1] 0.2141368
[1] 0.06244629
[1] "---------------------"
[1] "---------------------"
[1] "stalk.root"
[1] "parent Entropy"
[1] 0.2141368
[1] "e"
[1] 0
[1] "b"
[1] 0.1357107
[1] "?"
[1] 0.05411468
[1] "c"
[1] 0
[1] 0.02431137
[1] 0.2141368
[1] 0.02431137
[1] "---------------------"
[1] "---------------------"
[1] "stalk.surface.above.ring"
[1] "parent Entropy"
[1] 0.2141368
[1] "s"
[1] 0.149945
[1] "f"
[1] 0
[1] "k"
[1] 0.03412437
[1] "y"
[1] 0.00624691
[1] 0.0238205
[1] 0.2141368
[1] 0.0238205
[1] "---------------------"
[1] "---------------------"
[1] "stalk.surface.below.ring"
[1] "parent Entropy"
[1] 0.2141368
[1] "s"
[1] 0.1493951
[1] "f"
[1] 0
[1] "y"
[1] 0.01370033
[1] "k"
[1] 0
[1] 0.05104132
[1] 0.2141368
[1] 0.05104132
[1] "---------------------"
[1] "---------------------"
[1] "stalk.color.above.ring"
[1] "parent Entropy"
[1] 0.2141368
[1] "w"
[1] 0.1779904
[1] "g"
[1] 0
[1] "p"
[1] 0
[1] "e"
[1] 0
[1] "o"
[1] 0
[1] "y"
[1] 0
[1] "n"
[1] 0
[1] 0.03614639
[1] 0.2141368
[1] 0.03614639
[1] "---------------------"
[1] "---------------------"
[1] "stalk.color.below.ring"
[1] "parent Entropy"
[1] 0.2141368
[1] "w"
[1] 0.1370857
[1] "p"
[1] 0
[1] "g"
[1] 0
[1] "n"
[1] 0.01637025
[1] "e"
[1] 0
[1] "y"
[1] 0
[1] "o"
[1] 0
[1] 0.06068084
[1] 0.2141368
[1] 0.06068084
[1] "---------------------"
[1] "---------------------"
[1] "veil.type"
[1] "parent Entropy"
[1] 0.2141368
[1] "p"
[1] 0.2141368
[1] 0
[1] 0.2141368
[1] 0
[1] "---------------------"
[1] "---------------------"
[1] "veil.color"
[1] "parent Entropy"
[1] 0.2141368
[1] "w"
[1] 0.2003564
[1] "n"
[1] 0
[1] "o"
[1] 0
[1] "y"
[1] 0
[1] 0.01378035
[1] 0.2141368
[1] 0.01378035
[1] "---------------------"
[1] "---------------------"
[1] "ring.number"
[1] "parent Entropy"
[1] 0.2141368
[1] "o"
[1] 0.100157
[1] "t"
[1] 0.09002736
[1] 0.02395237
[1] 0.2141368
[1] 0.02395237
[1] "---------------------"
[1] "---------------------"
[1] "ring.type"
[1] "parent Entropy"
[1] 0.2141368
[1] "e"
[1] 0.06945919
[1] "p"
[1] 0.1438708
[1] "f"
[1] 0
[1] 0.0008067883
[1] 0.2141368
[1] 0.0008067883
[1] "---------------------"
[1] "---------------------"
[1] "spore.print.color"
[1] "parent Entropy"
[1] 0.2141368
[1] "n"
[1] 0
[1] "k"
[1] 0
[1] "w"
[1] 0.06919954
[1] "h"
[1] 0
[1] "r"
[1] 0
[1] "o"
[1] 0
[1] "y"
[1] 0
[1] "b"
[1] 0
[1] 0.1449372
[1] 0.2141368
[1] 0.1449372
[1] "---------------------"
[1] "---------------------"
[1] "population"
[1] "parent Entropy"
[1] 0.2141368
[1] "a"
[1] 0
[1] "y"
[1] 0
[1] "v"
[1] 0.144641
[1] "s"
[1] 0
[1] "c"
[1] 0.02563253
[1] "n"
[1] 0
[1] 0.0438632
[1] 0.2141368
[1] 0.0438632
[1] "---------------------"
[1] "---------------------"
[1] "habitat"
[1] "parent Entropy"
[1] 0.2141368
[1] "g"
[1] 0.06470899
[1] "u"
[1] 0
[1] "d"
[1] 0.06581821
[1] "w"
[1] 0
[1] "m"
[1] 0
[1] "l"
[1] 0.02447456
[1] "p"
[1] 0
[1] 0.059135
[1] 0.2141368
[1] 0.059135
[1] "---------------------"
[1] "---------------------"
[1] "cap.shape"
[1] "parent Entropy"
[1] NaN
[1] NA
[1] NaN
character(0)
[1] NaN
[1] NaN
[1] NaN
[1] NaN
[1] "---------------------"
 Show Traceback
 
 Rerun with Debug
 Error in if (gain < tempGain) { : missing value where TRUE/FALSE needed 